l1=c(1,2,3,4)
l2=c("ABC","MNO","XYZ")
l3=c(1.2,1.3,1.4,1.5,1.6)

x <- list("a" = l1, "b" = l2, "c" = l3)
x

